
==================================================================
| IO Statistics                                                  |
|                                                                |
| Duration: 300.408637 secs                                      |
| Interval:   1 secs                                             |
|                                                                |
| Col 1: tcp                                                     |
|     2: tcp.analysis.lost_segment                               |
|     3: tcp.analysis.retransmission                             |
|----------------------------------------------------------------|
|            |1                |2               |3               |
| Interval   | Frames |  Bytes | Frames | Bytes | Frames | Bytes |
|----------------------------------------------------------------|
|   0 <>   1 |     52 |  20045 |      0 |     0 |      0 |     0 |
|   1 <>   2 |     34 |  27268 |      0 |     0 |      0 |     0 |
|   2 <>   3 |     58 |  30689 |      0 |     0 |      0 |     0 |
|   3 <>   4 |     17 |   1556 |      0 |     0 |      0 |     0 |
|   4 <>   5 |      5 |    369 |      0 |     0 |      0 |     0 |
|   5 <>   6 |      3 |    256 |      0 |     0 |      0 |     0 |
|   6 <>   7 |      0 |      0 |      0 |     0 |      0 |     0 |
|   7 <>   8 |      6 |    918 |      0 |     0 |      0 |     0 |
|   8 <>   9 |      8 |    722 |      0 |     0 |      0 |     0 |
|   9 <>  10 |     12 |    952 |      0 |     0 |      0 |     0 |
|  10 <>  11 |      0 |      0 |      0 |     0 |      0 |     0 |
|  11 <>  12 |      3 |    459 |      0 |     0 |      0 |     0 |
|  12 <>  13 |      0 |      0 |      0 |     0 |      0 |     0 |
|  13 <>  14 |      2 |    132 |      0 |     0 |      0 |     0 |
|  14 <>  15 |      0 |      0 |      0 |     0 |      0 |     0 |
|  15 <>  16 |      3 |    250 |      0 |     0 |      0 |     0 |
|  16 <>  17 |     18 |   7890 |      0 |     0 |      0 |     0 |
|  17 <>  18 |      0 |      0 |      0 |     0 |      0 |     0 |
|  18 <>  19 |     29 |  15203 |      0 |     0 |      0 |     0 |
|  19 <>  20 |     23 |   2599 |      1 |   266 |      0 |     0 |
|  20 <>  21 |      3 |    256 |      0 |     0 |      0 |     0 |
|  21 <>  22 |     10 |   1606 |      0 |     0 |      0 |     0 |
|  22 <>  23 |      6 |    918 |      0 |     0 |      0 |     0 |
|  23 <>  24 |     79 |  34048 |      0 |     0 |      0 |     0 |
|  24 <>  25 |     27 |  11783 |      0 |     0 |      0 |     0 |
|  25 <>  26 |      4 |    623 |      0 |     0 |      0 |     0 |
|  26 <>  27 |      4 |    525 |      0 |     0 |      0 |     0 |
|  27 <>  28 |      0 |      0 |      0 |     0 |      0 |     0 |
|  28 <>  29 |      4 |    288 |      0 |     0 |      0 |     0 |
|  29 <>  30 |     53 | 112189 |      0 |     0 |      0 |     0 |
|  30 <>  31 |      4 |    322 |      0 |     0 |      0 |     0 |
|  31 <>  32 |      4 |    344 |      0 |     0 |      0 |     0 |
|  32 <>  33 |      4 |    344 |      0 |     0 |      0 |     0 |
|  33 <>  34 |     10 |   1396 |      0 |     0 |      0 |     0 |
|  34 <>  35 |      0 |      0 |      0 |     0 |      0 |     0 |
|  35 <>  36 |      3 |    250 |      0 |     0 |      0 |     0 |
|  36 <>  37 |     17 |   1983 |      0 |     0 |      0 |     0 |
|  37 <>  38 |      8 |   1050 |      0 |     0 |      0 |     0 |
|  38 <>  39 |      0 |      0 |      0 |     0 |      0 |     0 |
|  39 <>  40 |      8 |    722 |      0 |     0 |      0 |     0 |
|  40 <>  41 |      2 |    132 |      0 |     0 |      0 |     0 |
|  41 <>  42 |      4 |    525 |      0 |     0 |      0 |     0 |
|  42 <>  43 |      4 |    264 |      0 |     0 |      0 |     0 |
|  43 <>  44 |      0 |      0 |      0 |     0 |      0 |     0 |
|  44 <>  45 |     14 |    982 |      0 |     0 |      0 |     0 |
|  45 <>  46 |      6 |    454 |      0 |     0 |      0 |     0 |
|  46 <>  47 |      4 |    264 |      0 |     0 |      0 |     0 |
|  47 <>  48 |      0 |      0 |      0 |     0 |      0 |     0 |
|  48 <>  49 |      6 |    396 |      0 |     0 |      0 |     0 |
|  49 <>  50 |      0 |      0 |      0 |     0 |      0 |     0 |
|  50 <>  51 |      0 |      0 |      0 |     0 |      0 |     0 |
|  51 <>  52 |      0 |      0 |      0 |     0 |      0 |     0 |
|  52 <>  53 |      8 |   1050 |      0 |     0 |      0 |     0 |
|  53 <>  54 |      0 |      0 |      0 |     0 |      0 |     0 |
|  54 <>  55 |     22 |   1806 |      0 |     0 |      0 |     0 |
|  55 <>  56 |      6 |    506 |      0 |     0 |      0 |     0 |
|  56 <>  57 |     33 |  18832 |      0 |     0 |      0 |     0 |
|  57 <>  58 |      0 |      0 |      0 |     0 |      0 |     0 |
|  58 <>  59 |      0 |      0 |      0 |     0 |      0 |     0 |
|  59 <>  60 |      3 |    250 |      0 |     0 |      0 |     0 |
|  60 <>  61 |      1 |     66 |      0 |     0 |      0 |     0 |
|  61 <>  62 |      2 |    132 |      0 |     0 |      0 |     0 |
|  62 <>  63 |      0 |      0 |      0 |     0 |      0 |     0 |
|  63 <>  64 |      0 |      0 |      0 |     0 |      0 |     0 |
|  64 <>  65 |      2 |    132 |      0 |     0 |      0 |     0 |
|  65 <>  66 |      0 |      0 |      0 |     0 |      0 |     0 |
|  66 <>  67 |      4 |    246 |      0 |     0 |      0 |     0 |
|  67 <>  68 |      6 |    918 |      0 |     0 |      0 |     0 |
|  68 <>  69 |      2 |    132 |      0 |     0 |      0 |     0 |
|  69 <>  70 |      3 |    256 |      0 |     0 |      0 |     0 |
|  70 <>  71 |     11 |    978 |      0 |     0 |      0 |     0 |
|  71 <>  72 |      7 |   1081 |      0 |     0 |      0 |     0 |
|  72 <>  73 |      0 |      0 |      0 |     0 |      0 |     0 |
|  73 <>  74 |      2 |    132 |      0 |     0 |      0 |     0 |
|  74 <>  75 |      4 |    264 |      0 |     0 |      0 |     0 |
|  75 <>  76 |     17 |   1730 |      0 |     0 |      0 |     0 |
|  76 <>  77 |      4 |    344 |      0 |     0 |      0 |     0 |
|  77 <>  78 |      4 |    344 |      0 |     0 |      0 |     0 |
|  78 <>  79 |      0 |      0 |      0 |     0 |      0 |     0 |
|  79 <>  80 |      0 |      0 |      0 |     0 |      0 |     0 |
|  80 <>  81 |     46 |  11900 |      0 |     0 |      0 |     0 |
|  81 <>  82 |      2 |    132 |      0 |     0 |      0 |     0 |
|  82 <>  83 |      6 |    918 |      0 |     0 |      0 |     0 |
|  83 <>  84 |     72 |  33768 |      1 |   136 |      0 |     0 |
|  84 <>  85 |      1 |     66 |      0 |     0 |      0 |     0 |
|  85 <>  86 |     59 |  29583 |      0 |     0 |      0 |     0 |
|  86 <>  87 |     12 |   1247 |      0 |     0 |      0 |     0 |
|  87 <>  88 |     31 |  20999 |      0 |     0 |      0 |     0 |
|  88 <>  89 |      4 |    288 |      0 |     0 |      0 |     0 |
|  89 <>  90 |     12 |    792 |      0 |     0 |      0 |     0 |
|  90 <>  91 |      0 |      0 |      0 |     0 |      0 |     0 |
|  91 <>  92 |      6 |    396 |      0 |     0 |      0 |     0 |
|  92 <>  93 |      0 |      0 |      0 |     0 |      0 |     0 |
|  93 <>  94 |      4 |    264 |      0 |     0 |      0 |     0 |
|  94 <>  95 |      4 |    322 |      0 |     0 |      0 |     0 |
|  95 <>  96 |      9 |    704 |      0 |     0 |      0 |     0 |
|  96 <>  97 |     21 |   9029 |      1 |    54 |      0 |     0 |
|  97 <>  98 |      8 |   1050 |      0 |     0 |      0 |     0 |
|  98 <>  99 |      0 |      0 |      0 |     0 |      0 |     0 |
|  99 <> 100 |     12 |    952 |      0 |     0 |      0 |     0 |
| 100 <> 101 |      0 |      0 |      0 |     0 |      0 |     0 |
| 101 <> 102 |     12 |   1247 |      0 |     0 |      0 |     0 |
| 102 <> 103 |     35 |  21371 |      0 |     0 |      0 |     0 |
| 103 <> 104 |      2 |    132 |      0 |     0 |      0 |     0 |
| 104 <> 105 |      0 |      0 |      0 |     0 |      0 |     0 |
| 105 <> 106 |     14 |   1606 |      0 |     0 |      0 |     0 |
| 106 <> 107 |      0 |      0 |      0 |     0 |      0 |     0 |
| 107 <> 108 |      2 |    132 |      0 |     0 |      0 |     0 |
| 108 <> 109 |     40 |  66292 |      0 |     0 |      0 |     0 |
| 109 <> 110 |      0 |      0 |      0 |     0 |      0 |     0 |
| 110 <> 111 |      0 |      0 |      0 |     0 |      0 |     0 |
| 111 <> 112 |      0 |      0 |      0 |     0 |      0 |     0 |
| 112 <> 113 |      8 |   1050 |      0 |     0 |      0 |     0 |
| 113 <> 114 |      2 |    132 |      0 |     0 |      0 |     0 |
| 114 <> 115 |      0 |      0 |      0 |     0 |      0 |     0 |
| 115 <> 116 |     25 |   2172 |      0 |     0 |      2 |   195 |
| 116 <> 117 |      7 |    774 |      0 |     0 |      1 |   129 |
| 117 <> 118 |      7 |    909 |      0 |     0 |      1 |   129 |
| 118 <> 119 |      2 |   1119 |      0 |     0 |      0 |     0 |
| 119 <> 120 |      9 |    703 |      0 |     0 |      1 |   129 |
| 120 <> 121 |      3 |    256 |      0 |     0 |      0 |     0 |
| 121 <> 122 |     65 |  24943 |      0 |     0 |      0 |     0 |
| 122 <> 123 |     20 |  11696 |      0 |     0 |      0 |     0 |
| 123 <> 124 |      4 |    350 |      0 |     0 |      1 |   129 |
| 124 <> 125 |      0 |      0 |      0 |     0 |      0 |     0 |
| 125 <> 126 |      0 |      0 |      0 |     0 |      0 |     0 |
| 126 <> 127 |     15 |   1545 |      0 |     0 |      0 |     0 |
| 127 <> 128 |      6 |    918 |      0 |     0 |      0 |     0 |
| 128 <> 129 |      2 |    132 |      0 |     0 |      0 |     0 |
| 129 <> 130 |      0 |      0 |      0 |     0 |      0 |     0 |
| 130 <> 131 |      7 |    520 |      0 |     0 |      0 |     0 |
| 131 <> 132 |      5 |    642 |      0 |     0 |      1 |   129 |
| 132 <> 133 |     49 |  34487 |      0 |     0 |      0 |     0 |
| 133 <> 134 |     20 |   2975 |      0 |     0 |      0 |     0 |
| 134 <> 135 |     24 |   2450 |      0 |     0 |      0 |     0 |
| 135 <> 136 |      3 |    250 |      0 |     0 |      0 |     0 |
| 136 <> 137 |     14 |   1132 |      0 |     0 |      0 |     0 |
| 137 <> 138 |      4 |   2386 |      0 |     0 |      0 |     0 |
| 138 <> 139 |      4 |    264 |      0 |     0 |      0 |     0 |
| 139 <> 140 |      0 |      0 |      0 |     0 |      0 |     0 |
| 140 <> 141 |     38 |  17049 |      0 |     0 |      0 |     0 |
| 141 <> 142 |     21 |   2614 |      0 |     0 |      0 |     0 |
| 142 <> 143 |      8 |   1032 |      0 |     0 |      0 |     0 |
| 143 <> 144 |     73 |  33490 |      0 |     0 |      0 |     0 |
| 144 <> 145 |     41 |  20217 |      0 |     0 |      0 |     0 |
| 145 <> 146 |     18 |   1588 |      0 |     0 |      0 |     0 |
| 146 <> 147 |     15 |   2270 |      0 |     0 |      0 |     0 |
| 147 <> 148 |      4 |   1067 |      0 |     0 |      0 |     0 |
| 148 <> 149 |      6 |    420 |      0 |     0 |      0 |     0 |
| 149 <> 150 |      0 |      0 |      0 |     0 |      0 |     0 |
| 150 <> 151 |      0 |      0 |      0 |     0 |      0 |     0 |
| 151 <> 152 |     15 |   1571 |      0 |     0 |      0 |     0 |
| 152 <> 153 |      2 |    132 |      0 |     0 |      0 |     0 |
| 153 <> 154 |      0 |      0 |      0 |     0 |      0 |     0 |
| 154 <> 155 |      2 |    132 |      0 |     0 |      0 |     0 |
| 155 <> 156 |     24 |  14555 |      0 |     0 |      0 |     0 |
| 156 <> 157 |      8 |   1092 |      0 |     0 |      0 |     0 |
| 157 <> 158 |     19 |   2677 |      0 |     0 |      0 |     0 |
| 158 <> 159 |      2 |    132 |      0 |     0 |      0 |     0 |
| 159 <> 160 |      7 |   2052 |      0 |     0 |      0 |     0 |
| 160 <> 161 |      0 |      0 |      0 |     0 |      0 |     0 |
| 161 <> 162 |      4 |    525 |      0 |     0 |      0 |     0 |
| 162 <> 163 |     71 |  60950 |      1 |   235 |      0 |     0 |
| 163 <> 164 |     30 |   7805 |      0 |     0 |      0 |     0 |
| 164 <> 165 |      4 |    264 |      0 |     0 |      0 |     0 |
| 165 <> 166 |      0 |      0 |      0 |     0 |      0 |     0 |
| 166 <> 167 |      3 |    278 |      0 |     0 |      0 |     0 |
| 167 <> 168 |     16 |   1534 |      0 |     0 |      0 |     0 |
| 168 <> 169 |      0 |      0 |      0 |     0 |      0 |     0 |
| 169 <> 170 |      0 |      0 |      0 |     0 |      0 |     0 |
| 170 <> 171 |      7 |    578 |      0 |     0 |      0 |     0 |
| 171 <> 172 |      2 |    132 |      0 |     0 |      0 |     0 |
| 172 <> 173 |      7 |    984 |      0 |     0 |      0 |     0 |
| 173 <> 174 |      2 |    132 |      0 |     0 |      0 |     0 |
| 174 <> 175 |      3 |    286 |      0 |     0 |      0 |     0 |
| 175 <> 176 |     21 |   2248 |      0 |     0 |      0 |     0 |
| 176 <> 177 |     27 |  13295 |      0 |     0 |      0 |     0 |
| 177 <> 178 |     67 |  17977 |      1 |    66 |      1 |    66 |
| 178 <> 179 |      7 |   1010 |      0 |     0 |      0 |     0 |
| 179 <> 180 |     17 |   1247 |      1 |    66 |      0 |     0 |
| 180 <> 181 |      4 |    322 |      0 |     0 |      0 |     0 |
| 181 <> 182 |      6 |    396 |      0 |     0 |      0 |     0 |
| 182 <> 183 |      5 |    436 |      0 |     0 |      0 |     0 |
| 183 <> 184 |      2 |    132 |      0 |     0 |      0 |     0 |
| 184 <> 185 |      0 |      0 |      0 |     0 |      0 |     0 |
| 185 <> 186 |      9 |    657 |      0 |     0 |      0 |     0 |
| 186 <> 187 |      8 |    591 |      0 |     0 |      0 |     0 |
| 187 <> 188 |      8 |   1032 |      0 |     0 |      0 |     0 |
| 188 <> 189 |      0 |      0 |      0 |     0 |      0 |     0 |
| 189 <> 190 |     13 |   1106 |      0 |     0 |      0 |     0 |
| 190 <> 191 |      0 |      0 |      0 |     0 |      0 |     0 |
| 191 <> 192 |     21 |  11277 |      0 |     0 |      0 |     0 |
| 192 <> 193 |     65 |  95927 |      1 |  2962 |      0 |     0 |
| 193 <> 194 |      2 |    132 |      0 |     0 |      0 |     0 |
| 194 <> 195 |      0 |      0 |      0 |     0 |      0 |     0 |
| 195 <> 196 |      9 |    762 |      0 |     0 |      0 |     0 |
| 196 <> 197 |      0 |      0 |      0 |     0 |      0 |     0 |
| 197 <> 198 |     12 |    934 |      0 |     0 |      0 |     0 |
| 198 <> 199 |      6 |    459 |      0 |     0 |      0 |     0 |
| 199 <> 200 |      0 |      0 |      0 |     0 |      0 |     0 |
| 200 <> 201 |      0 |      0 |      0 |     0 |      0 |     0 |
| 201 <> 202 |      0 |      0 |      0 |     0 |      0 |     0 |
| 202 <> 203 |     27 |   3327 |      0 |     0 |      0 |     0 |
| 203 <> 204 |    107 |  43941 |      0 |     0 |      0 |     0 |
| 204 <> 205 |      3 |    286 |      0 |     0 |      0 |     0 |
| 205 <> 206 |      4 |    322 |      0 |     0 |      0 |     0 |
| 206 <> 207 |     26 |  12356 |      0 |     0 |      0 |     0 |
| 207 <> 208 |      6 |    396 |      0 |     0 |      0 |     0 |
| 208 <> 209 |      4 |    288 |      0 |     0 |      0 |     0 |
| 209 <> 210 |      4 |    623 |      0 |     0 |      0 |     0 |
| 210 <> 211 |      4 |    264 |      0 |     0 |      0 |     0 |
| 211 <> 212 |      4 |    344 |      0 |     0 |      0 |     0 |
| 212 <> 213 |      4 |    344 |      0 |     0 |      0 |     0 |
| 213 <> 214 |      5 |    436 |      0 |     0 |      0 |     0 |
| 214 <> 215 |      0 |      0 |      0 |     0 |      0 |     0 |
| 215 <> 216 |      3 |    250 |      0 |     0 |      0 |     0 |
| 216 <> 217 |      2 |    132 |      0 |     0 |      0 |     0 |
| 217 <> 218 |      8 |   1050 |      0 |     0 |      0 |     0 |
| 218 <> 219 |      2 |    132 |      0 |     0 |      0 |     0 |
| 219 <> 220 |      3 |    286 |      0 |     0 |      0 |     0 |
| 220 <> 221 |     10 |    776 |      0 |     0 |      0 |     0 |
| 221 <> 222 |      4 |    525 |      0 |     0 |      0 |     0 |
| 222 <> 223 |      2 |    132 |      0 |     0 |      0 |     0 |
| 223 <> 224 |      2 |    132 |      0 |     0 |      0 |     0 |
| 224 <> 225 |     12 |    792 |      0 |     0 |      0 |     0 |
| 225 <> 226 |      0 |      0 |      0 |     0 |      0 |     0 |
| 226 <> 227 |      6 |    396 |      0 |     0 |      0 |     0 |
| 227 <> 228 |      0 |      0 |      0 |     0 |      0 |     0 |
| 228 <> 229 |      7 |    568 |      0 |     0 |      0 |     0 |
| 229 <> 230 |      0 |      0 |      0 |     0 |      0 |     0 |
| 230 <> 231 |      2 |    132 |      0 |     0 |      0 |     0 |
| 231 <> 232 |      4 |    322 |      0 |     0 |      0 |     0 |
| 232 <> 233 |      9 |   1098 |      0 |     0 |      0 |     0 |
| 233 <> 234 |      0 |      0 |      0 |     0 |      0 |     0 |
| 234 <> 235 |     15 |   1238 |      0 |     0 |      0 |     0 |
| 235 <> 236 |      3 |    250 |      0 |     0 |      0 |     0 |
| 236 <> 237 |      3 |    459 |      0 |     0 |      0 |     0 |
| 237 <> 238 |     12 |   1011 |      3 |   198 |      0 |     0 |
| 238 <> 239 |     17 |   2332 |      3 |   198 |      0 |     0 |
| 239 <> 240 |      0 |      0 |      0 |     0 |      0 |     0 |
| 240 <> 241 |      8 |    674 |      0 |     0 |      0 |     0 |
| 241 <> 242 |    102 | 130877 |      0 |     0 |      0 |     0 |
| 242 <> 243 |      5 |    403 |      0 |     0 |      0 |     0 |
| 243 <> 244 |     20 |   2263 |      0 |     0 |      0 |     0 |
| 244 <> 245 |      0 |      0 |      0 |     0 |      0 |     0 |
| 245 <> 246 |      3 |    256 |      0 |     0 |      0 |     0 |
| 246 <> 247 |      3 |    256 |      0 |     0 |      0 |     0 |
| 247 <> 248 |      8 |   1050 |      0 |     0 |      0 |     0 |
| 248 <> 249 |      4 |    264 |      0 |     0 |      0 |     0 |
| 249 <> 250 |      3 |    286 |      0 |     0 |      0 |     0 |
| 250 <> 251 |      1 |     66 |      0 |     0 |      0 |     0 |
| 251 <> 252 |      4 |    525 |      0 |     0 |      0 |     0 |
| 252 <> 253 |     15 |   1563 |      0 |     0 |      0 |     0 |
| 253 <> 254 |      4 |    264 |      0 |     0 |      0 |     0 |
| 254 <> 255 |      0 |      0 |      0 |     0 |      0 |     0 |
| 255 <> 256 |     12 |   1203 |      0 |     0 |      0 |     0 |
| 256 <> 257 |      7 |    600 |      0 |     0 |      0 |     0 |
| 257 <> 258 |      4 |    344 |      0 |     0 |      0 |     0 |
| 258 <> 259 |      0 |      0 |      0 |     0 |      0 |     0 |
| 259 <> 260 |      5 |    436 |      0 |     0 |      0 |     0 |
| 260 <> 261 |      0 |      0 |      0 |     0 |      0 |     0 |
| 261 <> 262 |      6 |    469 |      0 |     0 |      0 |     0 |
| 262 <> 263 |      6 |    918 |      0 |     0 |      0 |     0 |
| 263 <> 264 |    101 |  37113 |      1 |   127 |      0 |     0 |
| 264 <> 265 |      7 |    647 |      0 |     0 |      0 |     0 |
| 265 <> 266 |      2 |    132 |      0 |     0 |      0 |     0 |
| 266 <> 267 |     62 |  45054 |      0 |     0 |      0 |     0 |
| 267 <> 268 |      0 |      0 |      0 |     0 |      0 |     0 |
| 268 <> 269 |      4 |    288 |      0 |     0 |      0 |     0 |
| 269 <> 270 |      4 |    337 |      0 |     0 |      0 |     0 |
| 270 <> 271 |      4 |    322 |      0 |     0 |      0 |     0 |
| 271 <> 272 |      4 |    322 |      0 |     0 |      0 |     0 |
| 272 <> 273 |     13 |   4116 |      0 |     0 |      0 |     0 |
| 273 <> 274 |     13 |   2266 |      0 |     0 |      0 |     0 |
| 274 <> 275 |      5 |    436 |      0 |     0 |      0 |     0 |
| 275 <> 276 |      3 |    250 |      0 |     0 |      0 |     0 |
| 276 <> 277 |      0 |      0 |      0 |     0 |      0 |     0 |
| 277 <> 278 |     10 |   1164 |      0 |     0 |      0 |     0 |
| 278 <> 279 |      0 |      0 |      0 |     0 |      0 |     0 |
| 279 <> 280 |     13 |   1106 |      0 |     0 |      0 |     0 |
| 280 <> 281 |      0 |      0 |      0 |     0 |      0 |     0 |
| 281 <> 282 |      8 |    847 |      0 |     0 |      0 |     0 |
| 282 <> 283 |      0 |      0 |      0 |     0 |      0 |     0 |
| 283 <> 284 |     22 |   6836 |      0 |     0 |      0 |     0 |
| 284 <> 285 |      0 |      0 |      0 |     0 |      0 |     0 |
| 285 <> 286 |      2 |    132 |      0 |     0 |      0 |     0 |
| 286 <> 287 |      0 |      0 |      0 |     0 |      0 |     0 |
| 287 <> 288 |      2 |    132 |      0 |     0 |      0 |     0 |
| 288 <> 289 |      0 |      0 |      0 |     0 |      0 |     0 |
| 289 <> 290 |      5 |    436 |      0 |     0 |      0 |     0 |
| 290 <> 291 |      0 |      0 |      0 |     0 |      0 |     0 |
| 291 <> 292 |      0 |      0 |      0 |     0 |      0 |     0 |
| 292 <> 293 |      8 |   1050 |      0 |     0 |      0 |     0 |
| 293 <> 294 |      1 |     66 |      0 |     0 |      0 |     0 |
| 294 <> 295 |      4 |    352 |      0 |     0 |      0 |     0 |
| 295 <> 296 |      6 |    506 |      0 |     0 |      0 |     0 |
| 296 <> 297 |     12 |   1184 |      0 |     0 |      0 |     0 |
| 297 <> 298 |      0 |      0 |      0 |     0 |      0 |     0 |
| 298 <> 299 |      4 |    264 |      0 |     0 |      0 |     0 |
| 299 <> 300 |      3 |    250 |      0 |     0 |      0 |     0 |
| 300 <> Dur |      3 |    198 |      0 |     0 |      0 |     0 |
==================================================================
